10000
-64
172
151
-19
317
467
31
190
-323
-347
-203
-479
401
495
202
-234
181
-197
255
428
406
-482
120
188
410
475
-367
-353
-117
483
-343
-131
-213
-52
32
345
-359
-131
-408
-412
214
-331
-193
-365
191
-347
213
-372
220
135
340
-361
160
61
-124
15
-383
243
94
-227
340
435
378
246
75
402
303
48
-48
-450
30
-169
25
475
-100
-229
-133
-110
363
457
227
497
-252
178
-324
486
128
-230
290
8
444
193
234
221
-426
-244
141
100
-145
-260
-247
-87
387
-269
-484
-163
-103
181
219
14
-73
243
-115
202
-205
-73
-177
-299
-490
70
320
-125
-104
227
-296
426
-123
391
391
-79
-246
57
24
382
-135
-313
365
266
409
-154
-144
-261
198
-183
206
382
386
-376
377
-435
-98
246
-111
267
55
-492
-241
75
22
40
219
287
1
-14
-56
-468
307
-205
-436
-90
401
257
-295
-180
-341
-119
171
-22
326
-384
237
-185
-374
-58
-316
-250
-190
412
-264
-6
374
-388
332
21
179
-46
151
-188
-108
135
-150
403
480
108
-498
149
-280
333
153
-308
450
319
159
414
288
-208
-354
400
451
-470
173
-56
-291
-247
-403
-283
225
223
117
166
-232
-100
-375
156
-270
-168
-218
-415
478
135
253
-348
169
91
10
439
-181
-337
-24
-135
-80
-196
358
353
457
-125
-367
-47
404
15
456
-128
-419
-270
-372
-416
-164
-232
211
365
106
400
-68
-205
-308
-424
-149
-396
-305
-424
80
-345
304
-231
124
437
454
-381
59
-374
331
190
39
-499
357
-390
-255
52
366
-285
201
-15
338
-143
-438
-31
-84
-299
398
494
-241
292
-175
250
-105
-72
-119
-138
448
-354
-241
234
270
399
-263
-61
-300
-225
-67
-364
-376
313
-430
-390
-414
-479
66
370
-429
443
-382
40
118
-53
-487
-474
286
-464
-360
89
45
-446
-45
248
-212
-99
-264
150
-81
167
216
-376
-295
371
307
-36
318
96
437
77
288
22
-73
-444
-486
-432
-456
-113
498
425
-408
22
328
250
-366
-392
-308
-174
11
-229
304
-23
246
68
-455
416
-459
22
-32
137
-236
165
142
103
-494
485
-99
-251
427
-437
-431
-33
299
351
378
475
-402
67
0
-287
7
-248
465
-328
248
-255
333
-434
260
-328
-483
454
-28
-185
372
-446
-190
-465
357
493
-151
197
228
433
432
121
-375
162
340
197
443
-161
380
-481
-375
236
2
-106
-371
-237
43
-211
-177
107
-400
-355
-4
10
-250
-465
-252
59
102
158
294
336
-107
442
330
335
-298
-364
-240
-374
-32
114
411
312
427
477
-6
495
99
-272
302
476
-239
404
245
-174
32
149
-145
-13
255
-381
-220
-123
32
-165
115
136
-24
-311
-403
-442
-275
231
220
461
-486
487
-239
120
463
-139
395
-56
378
-29
139
-483
-384
-169
191
-347
-14
30
-87
-394
-5
392
498
164
-68
-82
-16
482
-423
-456
-290
-373
470
-96
188
356
-29
142
-268
-374
-412
31
225
-303
471
-415
-404
325
-281
195
-337
-60
181
416
-312
40
-17
-428
-452
245
-426
392
81
203
460
-211
-9
378
162
-451
-363
447
275
-273
18
-223
106
-56
441
-418
321
239
-182
-24
-75
-331
-78
185
195
12
17
-410
-61
-167
180
196
147
23
-83
-462
-55
278
185
-171
-223
-445
-379
408
45
68
-181
469
263
227
197
261
89
-86
-476
132
234
-448
369
-481
109
-413
-446
-448
173
-366
-337
398
208
-225
354
-461
324
-244
170
-395
334
-473
-462
-439
-337
-7
-468
442
83
-379
289
457
-43
31
-413
390
-171
360
92
-109
333
338
338
-401
255
10
-42
-97
-414
-136
237
247
221
360
382
56
-67
465
-399
111
379
125
41
-328
275
242
-170
-304
254
-418
379
74
-240
17
52
-99
-32
-106
1
-387
-59
-444
-386
150
7
-117
79
-444
-87
-117
-140
-292
385
-297
424
389
214
158
-494
373
-152
-386
492
-420
-298
51
139
212
-356
146
-431
-46
95
328
-36
-314
-373
-141
217
-198
-206
-382
382
-107
130
-419
-330
188
45
-186
3
-386
-9
59
57
93
240
39
407
162
-6
338
294
-417
-128
-14
69
-398
-217
-422
-278
400
49
234
482
148
-181
386
35
-85
130
-116
472
-481
-136
146
185
-395
-132
-398
114
69
-157
-264
-414
273
-252
169
-415
-176
486
-113
314
-431
-99
-69
333
467
95
132
-484
-217
-206
-229
115
50
5
239
-326
-216
-356
-346
-495
120
-161
356
-1
459
-290
-345
398
-217
-229
-216
456
292
78
-133
332
487
348
226
-117
170
-144
462
-322
-386
179
167
-108
329
-386
-465
-308
-259
-390
-203
251
263
-144
-308
-163
-425
-84
313
253
-464
139
301
154
426
139
-320
-267
-435
-348
-176
-318
86
55
-156
497
452
-65
288
-294
465
413
-263
243
180
236
-81
-94
-448
-270
119
-191
-189
97
232
104
-324
-3
-65
394
192
-226
-323
-220
-261
-421
490
397
391
-369
-428
-28
-91
438
321
-17
-440
220
261
284
295
-330
378
490
190
-128
-63
227
197
373
-148
32
250
248
126
-230
-11
86
496
-62
-376
424
41
115
-330
329
95
-228
-44
-218
-164
-430
-373
485
452
275
263
-466
-64
24
425
-85
-89
-185
-173
-293
-234
-415
296
413
-163
-453
474
-471
-200
484
-249
-114
81
22
-328
-291
-15
-77
-284
-92
93
423
-351
414
-294
-310
-8
431
-494
-170
284
-191
-6
416
111
62
-177
9
184
440
-360
-213
-460
-273
-121
-450
330
-278
221
320
-98
-408
-412
-185
-21
59
180
-491
-151
-70
-398
55
-242
82
-273
-453
199
274
312
-374
410
-338
358
63
476
-382
-291
222
318
199
-68
-328
-334
75
224
-313
192
-166
329
70
305
73
-66
-466
-386
-294
376
353
-74
-453
-284
-181
377
453
317
-331
329
84
292
-202
120
-316
-393
-421
-407
-398
-78
-252
-2
214
-322
171
-466
447
-255
-145
319
290
77
-306
29
383
-139
-254
101
359
464
393
412
-113
-114
162
-21
-405
-175
288
-231
-164
-401
146
-410
105
43
-355
14
-377
-89
-323
486
323
266
451
-225
382
348
39
21
-104
-401
31
-44
333
-158
58
-188
-351
224
166
-452
499
279
-349
207
-67
388
8
-276
-149
189
232
-180
-61
-439
-421
-142
110
-26
445
399
-337
-435
335
73
-380
-119
-46
-356
-65
236
458
458
424
178
93
-64
-7
479
405
418
-282
429
-29
219
58
475
-198
365
-133
123
-304
443
-418
-175
176
-87
-4
-137
144
-271
-208
183
300
157
488
405
-153
384
-362
448
488
463
-365
125
184
-304
439
-417
-324
-133
-252
-83
-72
-131
274
-91
84
482
484
-94
97
199
-429
-246
-427
388
-447
212
189
199
-26
171
253
-199
43
70
-470
476
123
-489
13
51
-161
-444
-446
452
165
-4
174
486
291
-468
-399
-362
497
-225
-287
128
-324
-341
89
290
-160
-252
-101
-367
197
375
-159
-334
476
-377
-205
-155
27
281
-487
-411
127
148
-38
-381
-62
254
-3
13
-201
-429
280
358
403
217
415
68
-21
133
-351
3
95
418
-156
26
2
48
229
-128
6
-106
233
121
-154
368
-110
335
-268
-146
194
12
-197
340
69
14
250
-99
269
4
223
-449
354
-366
495
-372
396
-133
-316
-492
462
136
207
-252
-52
69
-366
68
346
-329
-155
121
-346
-130
-492
-363
406
-115
139
-464
14
427
220
-93
137
-166
457
-104
464
-289
-286
-135
99
227
-445
-378
432
234
63
464
330
-121
-65
-169
279
-138
-180
-432
-22
-316
371
-146
-55
-210
332
70
287
334
-233
35
166
416
-105
367
109
-260
-107
36
391
-255
346
-266
378
-63
-458
-239
350
20
349
328
-330
-105
-191
-459
-10
-37
397
54
200
104
-285
-431
-118
130
122
21
-345
132
413
-373
347
-407
218
-181
199
-45
277
298
381
153
328
366
-429
142
-101
385
-241
-103
424
245
-149
-243
-488
355
233
-69
176
56
-219
105
278
-40
344
204
-109
57
46
235
-264
-332
481
-362
-227
445
214
-476
-497
342
-40
-52
-2
-407
340
-494
-285
-28
-377
-311
-278
-431
-335
434
-450
-74
-21
-232
195
-163
-50
49
22
5
95
100
406
234
-11
20
373
339
-120
410
-230
-143
33
-423
-432
177
-274
-228
91
-40
385
315
422
-472
-361
144
399
408
295
417
-336
-111
472
347
-122
-271
11
37
160
451
-28
236
345
106
314
249
425
-314
-30
-109
-192
406
428
-465
399
-14
86
274
471
74
-44
181
-167
464
-251
-191
128
-93
-138
-307
-358
-270
-362
-318
-31
-87
262
32
493
-1
-308
411
-486
-117
-150
413
-343
93
-402
436
-249
28
397
401
-95
-89
81
452
-464
-357
-61
-54
-288
38
43
-184
46
255
-483
27
108
250
-421
-222
31
308
281
381
-478
-11
261
372
-52
171
15
-402
193
332
-391
352
-199
422
128
-389
-62
355
441
-126
89
394
166
-437
414
-268
390
-323
-357
72
-220
130
-296
-399
-443
-449
-78
-202
-475
-317
-304
-182
462
444
318
170
105
-77
-160
-493
365
184
271
39
375
187
483
-41
440
-244
-217
80
-140
474
-406
-459
426
103
149
445
61
131
-391
-282
-384
-67
-194
-318
-125
-258
36
-107
494
-233
-310
-72
476
-487
89
-276
141
-331
58
191
-472
-24
-73
39
175
94
7
497
-91
-482
-171
476
-376
-59
226
-11
307
-310
-277
379
379
214
360
-72
-271
162
-165
390
193
-352
-148
-16
387
-358
-248
-211
443
407
111
208
-246
486
-39
347
130
130
-459
-479
-371
-350
-135
-394
-68
458
25
391
5
-11
-230
-57
100
298
-37
-44
-378
-490
-18
75
429
206
96
409
314
-109
118
-231
-208
421
-222
369
208
-224
-53
-453
-172
63
-128
195
229
485
-144
-105
-376
151
334
-196
-332
451
103
111
1
-173
-30
-175
104
-314
-209
465
441
-99
253
117
-483
-431
447
291
466
95
71
44
-121
398
412
395
494
208
-459
121
137
-35
-153
44
-303
-193
153
434
-338
-449
-28
-53
-499
-2
-481
-225
20
250
-211
-60
295
273
-345
207
-133
137
-469
-402
280
177
-107
431
-52
-363
-286
-444
-474
-277
325
332
-472
456
175
88
432
286
373
436
-389
-288
103
123
-167
-275
-46
-98
189
94
-162
154
373
-74
-96
94
441
-405
-371
55
428
162
344
-222
-15
-240
-430
391
-442
-441
-373
13
-472
-364
-100
-456
-214
-240
-427
291
73
-425
444
-126
282
162
74
-305
137
305
107
-233
-162
126
-271
-361
-371
16
-59
72
-448
337
263
-426
488
256
417
-471
49
422
-237
107
308
-243
416
71
-438
250
286
-225
487
-461
197
195
-386
22
-163
-335
259
-389
210
422
298
-475
-343
-243
-144
114
-255
56
435
210
-24
185
307
-1
-500
354
-139
-123
329
188
-356
367
87
17
-91
-136
459
-135
99
-128
239
-42
-435
-102
329
-21
341
-265
-29
-498
465
-262
195
203
318
-430
300
441
21
174
-474
423
-220
-375
310
-202
-376
-25
80
189
-482
-129
153
-385
380
-243
239
225
-360
271
-106
-148
231
78
118
54
-213
-24
468
325
16
192
-60
-139
247
491
18
461
-15
128
-397
69
-285
384
292
-255
268
5
298
312
227
-195
297
168
-349
-317
-481
-473
-376
449
267
-304
246
-436
-258
308
451
-238
-69
113
138
125
409
32
469
71
301
64
281
-285
272
-208
-210
295
473
-312
-432
-474
-304
-141
311
351
-144
-352
203
-267
-107
-165
-100
-373
-195
88
-194
196
-80
-431
-350
-160
267
350
39
-352
-201
-98
187
-384
317
-221
-314
-123
7
23
153
298
-53
-149
31
420
23
-405
-12
-87
128
-280
-421
-410
-352
-313
-494
-360
268
-84
-280
349
-74
-36
-328
-402
440
-238
-170
97
41
-233
-487
93
-159
488
-234
-53
263
-54
389
273
-296
-496
-281
159
463
316
-313
-256
-33
146
379
184
-207
320
-359
357
373
443
-434
203
-434
-462
434
162
-264
-343
-443
216
-121
85
-457
-363
472
-254
216
-38
-495
264
115
90
-344
40
-105
34
-383
-381
405
-243
125
114
-303
212
42
-329
157
499
-242
65
-453
391
166
153
-472
61
147
-331
290
420
-346
497
-321
-202
-1
202
473
400
454
47
198
329
354
119
-274
-336
43
493
-360
252
119
273
-89
250
-143
454
-41
211
-458
500
-405
97
455
-448
418
-15
151
162
240
-385
-228
354
269
219
-34
-255
349
142
-429
213
-388
-252
-133
381
-150
402
452
-306
-130
106
20
-488
-125
-362
317
68
-67
343
-313
189
-428
-375
-84
279
-16
-455
494
-39
-157
-111
-12
-196
-101
14
-199
267
-113
456
1
322
325
-287
-208
-308
-290
-340
-469
291
414
357
325
-311
493
-119
341
187
84
397
-32
34
165
425
-57
-237
-458
-51
-376
431
368
-392
-266
-176
-75
132
-47
-104
469
13
-33
453
-430
-191
-359
-446
-215
333
-235
-320
440
137
-420
-461
-494
-106
-345
-385
106
240
-358
367
182
349
71
419
303
300
-101
76
-245
-308
204
79
-378
375
-353
-65
-166
303
483
-395
-149
-469
-409
-302
455
155
490
-473
-388
230
-397
-367
-168
-69
-384
-124
324
209
271
326
118
-173
313
285
312
-239
202
-265
-458
-454
-128
-282
119
477
-253
-121
16
-12
481
-8
458
290
182
386
-32
239
-78
485
216
440
-290
52
203
-244
178
491
235
371
453
-462
202
-425
471
193
-341
-369
297
-492
390
77
178
448
398
-63
295
272
23
75
-357
-155
31
-205
233
444
-84
-185
81
266
-313
-325
-218
482
302
-236
-136
-421
-123
-114
-310
298
370
455
202
46
-336
120
-40
-189
-133
15
356
-407
467
-271
-414
-165
414
-24
425
-479
215
354
264
399
270
58
-91
203
30
255
40
262
-490
-416
-352
-162
176
268
257
-478
258
-7
-226
-78
209
15
200
-112
200
-205
-261
141
349
276
-77
151
-209
-406
-23
-277
104
-224
306
214
-402
-399
283
-70
398
-33
110
-257
-254
-410
486
-170
-162
212
43
-9
411
-288
-340
476
-319
-196
-179
84
-483
-298
179
346
55
456
-413
-41
428
345
-324
-10
-320
-455
-66
298
252
231
-224
227
349
-219
-134
328
462
-293
-351
-370
-184
468
475
-45
-443
-408
371
-495
95
-498
-104
446
-258
-467
-121
-269
34
-83
-243
-144
-153
-472
361
460
385
417
-54
-83
-452
-6
392
-431
409
351
-127
-464
149
253
46
137
344
-446
172
-156
316
-479
-487
-269
358
390
97
45
-240
-150
-292
-54
-471
-14
-247
480
-310
-283
-224
258
-431
-239
-21
-215
51
289
-346
28
279
-196
-113
-365
194
500
-445
317
-188
-95
-303
-274
425
-428
-132
-408
272
-99
447
-326
-389
-264
237
111
426
-215
141
496
317
-205
401
215
175
103
30
276
10
-202
284
248
110
-467
-494
267
-26
-145
162
467
459
24
-340
-90
-2
-45
304
-183
257
499
-472
163
25
-434
80
-468
111
131
434
314
455
56
338
378
-439
38
332
260
36
-192
136
-332
-186
0
-191
-300
14
151
-492
-187
54
-104
-65
331
25
188
-354
231
51
-57
-480
161
276
-173
3
350
-438
140
369
25
-444
180
-272
-26
-40
204
4
-339
14
-159
119
-342
-302
-258
-392
-18
393
-159
-188
32
396
-224
48
481
-468
331
-486
122
-442
299
-53
-373
21
35
273
-23
92
280
335
-422
131
-398
67
435
-27
-433
-251
409
134
-159
-411
248
-70
-357
442
-180
-417
471
64
-172
-38
467
-323
-8
22
-258
113
-431
415
-192
-262
451
-479
128
416
386
-53
-484
45
-8
-81
-29
-417
-246
402
193
125
-485
23
-110
370
-147
488
326
52
153
-124
400
379
53
218
129
-351
430
269
-64
-8
-304
34
-401
104
148
-349
-466
-326
234
322
-362
442
188
455
340
98
20
433
-424
-246
426
173
350
352
-109
14
-340
-393
-486
13
-75
-193
-82
63
-321
-239
-371
98
-403
-398
342
-355
286
-41
-395
38
-319
-323
58
-171
420
-193
-353
342
366
-7
349
487
307
408
-92
148
481
40
464
-72
-112
-400
237
347
494
-281
-450
-260
-348
-268
219
-365
-499
-318
-202
263
301
49
133
319
289
82
138
-430
-422
147
-29
310
-484
-148
-350
-365
395
190
-348
-316
206
-357
-484
-142
428
121
-189
-482
289
-20
-412
-95
-283
-105
282
-383
-253
-53
410
414
-179
-196
-158
416
227
326
-328
-224
-45
-3
-160
264
225
303
-403
-113
-147
31
240
-255
312
-88
116
323
416
-91
-404
251
240
-236
229
476
-384
407
-496
371
64
79
-190
-211
15
-54
-43
250
314
350
-41
-390
-264
7
-358
-446
-344
-385
-95
494
351
492
383
-461
-166
35
-230
45
493
429
289
350
368
82
-192
-48
-128
105
40
-337
-494
-341
-92
255
-432
125
132
-408
206
-220
-224
122
61
-79
-419
-78
241
-436
150
285
224
-374
193
-344
433
-94
13
239
86
-440
-79
-271
-389
27
-13
55
490
-323
-336
-391
-291
385
-341
335
157
287
14
-362
-357
408
-100
-162
-252
319
264
-234
-443
493
-392
-102
-199
183
61
140
-174
-402
-192
-389
-161
-35
-473
-393
308
383
-245
285
463
66
68
-347
-8
-265
174
-264
-48
-31
-271
338
127
204
156
69
80
450
-10
437
143
-380
-416
464
-66
-53
233
387
15
-47
-85
-22
444
-462
-244
-462
-105
-57
-359
-115
105
-105
-56
-431
-322
-464
-309
30
-230
-408
75
-215
320
-445
185
-385
358
382
-405
381
204
-23
262
-68
-499
-403
-123
-106
-28
-45
288
199
-16
-334
91
49
-281
-255
123
326
4
500
9
-467
217
-22
313
131
-73
375
-133
435
17
-234
-494
369
-287
15
64
106
-270
-133
67
193
-27
-449
-66
-119
-436
119
491
-150
436
-117
-178
20
-188
286
-456
-168
178
33
328
-133
-49
268
141
-382
-412
115
2
270
-97
-374
-193
-247
-226
45
-150
-154
416
168
150
-433
-167
-197
-106
268
-18
290
181
-319
450
-181
-97
245
-82
130
-341
-393
-111
-111
-424
-240
458
41
-68
-253
-15
435
318
-249
-5
-457
-35
491
249
-392
496
280
361
-172
-137
-349
114
-353
-215
-154
313
-375
480
-298
394
-474
213
-40
160
-6
412
110
-430
138
137
-407
-285
-282
-177
307
-408
471
496
143
327
-498
23
200
-150
275
22
327
-382
-104
328
318
413
-234
256
88
259
-410
379
21
-212
257
6
369
500
398
137
-195
211
-359
355
149
313
360
319
-378
63
58
-388
206
-250
-406
-219
-322
325
279
-146
127
-442
-95
-401
-305
453
486
31
73
-421
295
145
164
-232
-235
49
-303
-157
230
-481
-377
211
30
369
-167
-485
-296
-404
-444
170
115
158
310
330
497
370
-498
72
-215
-369
-245
-423
35
-109
140
-257
-243
-238
375
76
240
-79
-402
414
-19
124
249
369
-187
409
-297
-424
157
296
-237
373
150
-426
-371
382
-31
-386
51
-444
-267
383
-296
477
-487
-429
-104
-422
150
-265
-145
-24
212
-72
-448
-406
200
-141
408
51
-103
249
-264
361
-314
484
-336
-479
-123
198
-314
355
232
355
62
280
-205
118
219
14
469
325
-322
353
279
290
-487
369
205
375
-160
-399
126
-181
423
-36
383
401
-174
-463
-228
-273
402
-346
2
357
-257
340
-289
-155
-315
293
-381
434
485
241
407
100
171
74
-264
-4
359
489
18
500
-298
41
85
-262
415
138
-118
-254
-465
-121
424
233
43
59
473
268
8
306
202
-315
-326
-327
-492
-407
-78
-401
-333
485
360
-451
-471
-23
-166
198
-386
496
-182
-71
-15
-276
-291
-241
-361
447
486
191
89
284
-390
-471
228
-62
-496
226
-123
307
-132
-414
136
-222
-194
407
107
-76
320
488
-443
-316
216
-174
387
14
-127
-306
229
-347
483
-199
-307
-101
-45
-481
-20
390
348
-77
32
-310
-243
237
-341
40
-170
346
7
-55
-211
56
-24
322
151
487
173
387
305
-261
489
-352
460
179
246
377
70
106
-296
364
-126
-49
208
104
494
423
-148
-113
381
368
336
217
45
353
-197
70
-69
389
-162
-213
-436
296
364
345
29
34
382
345
-378
-208
-153
-79
33
-252
411
289
210
-31
498
71
-114
-476
372
-268
-469
-242
-319
-421
-160
367
446
-100
191
112
-399
-187
-50
168
-6
92
-73
405
-204
-300
-365
-297
425
-126
-440
-133
-114
409
197
-399
-477
247
416
476
-170
24
170
-417
446
398
41
161
322
-50
-104
305
-151
-488
-247
-370
360
-489
-422
198
-406
-45
25
279
93
-358
-79
-161
-7
-249
-59
-93
322
-109
374
273
-273
-72
-243
-107
120
-454
-451
454
416
-143
-466
-51
-212
64
460
108
111
394
-426
152
486
455
-431
-307
106
166
83
390
-372
-437
46
198
340
395
-131
57
59
119
340
281
324
-12
-343
6
-215
-461
340
-91
311
-21
135
165
410
171
251
18
-240
358
11
150
56
-306
395
-394
-496
-260
-208
-336
411
-474
449
13
-414
423
188
-388
-92
69
-226
-257
-3
138
251
-464
-337
-186
-266
-236
233
440
-367
196
-200
-1
-386
334
315
-271
174
298
-405
283
369
428
-142
-337
-45
477
100
192
435
-428
-358
-489
84
205
353
-113
-38
-308
312
-216
177
95
-391
459
474
111
-439
62
349
263
107
330
-258
-84
-130
313
-69
-37
-379
241
-79
131
-16
319
3
-180
465
275
166
-305
128
-447
300
-154
142
-468
-224
327
8
-112
288
-254
20
-474
-105
403
15
-381
283
-36
343
-74
420
-423
-428
33
-426
495
379
136
59
-478
216
75
410
268
-315
191
263
-156
-496
496
-327
385
-65
-414
190
255
174
-398
-459
-56
-494
-151
-252
-495
200
332
312
-275
-152
-115
-307
-298
268
-9
107
-71
-257
-45
-53
183
6
153
168
-6
-163
-33
465
128
-73
120
410
-45
241
141
182
395
480
-362
-337
487
-385
96
-360
-175
-330
-445
-446
-335
-185
-29
420
376
334
460
87
290
130
-494
216
188
-297
140
-129
-178
-228
-214
-85
201
179
-351
369
-59
-200
-191
-336
-457
425
313
-199
-267
-341
259
47
-341
-205
-411
125
-29
-319
-291
-62
35
-482
194
267
-255
319
175
-96
-384
-238
290
-390
86
-66
135
-42
241
-86
228
337
5
303
376
-326
-320
132
-238
-414
149
350
32
-31
-142
380
-207
298
-362
285
-374
-356
23
74
39
-328
-342
301
361
-337
495
-3
-480
227
-435
294
-439
-233
-462
-423
291
15
-246
-257
0
-174
356
31
410
-99
-444
-397
443
113
252
257
394
84
-285
-160
-461
60
-178
312
402
-449
-495
155
-75
-396
257
-452
383
-185
458
-142
134
99
-335
-255
276
-93
-373
-64
36
259
-208
-7
369
-248
17
-412
-293
75
394
302
289
-346
275
-145
-60
270
179
-106
-315
-43
405
473
-143
-10
-168
467
441
-433
-67
-253
346
114
-386
-58
374
165
258
157
-208
-235
-385
-388
382
-470
79
-433
217
92
-284
260
-415
436
84
-334
41
351
-264
-82
168
486
272
-178
233
75
-199
-191
-324
306
-453
-335
-324
-46
229
349
-55
442
-265
202
446
442
16
-474
322
224
1
470
4
197
-212
-177
306
250
-55
173
-431
-433
322
200
-450
-460
197
382
-477
388
219
23
424
-131
-454
388
214
-366
-181
-77
-147
16
118
-126
224
498
-359
-352
-483
403
421
77
-383
35
340
-414
-325
454
-464
-141
376
-498
-255
284
92
76
-32
140
-151
366
261
-34
-221
-500
-296
-113
199
48
438
212
254
348
-189
-175
314
395
-138
-249
-135
-412
-205
446
112
-439
444
-210
-286
-266
159
375
366
410
-161
-141
467
-441
248
-346
-368
87
-427
124
-155
-103
-111
-414
80
-488
-138
-212
121
-37
102
-109
-466
410
225
-203
496
-253
329
-120
357
-101
180
85
158
-383
111
-304
463
310
-264
-208
68
-261
330
-456
406
199
-331
379
155
351
386
62
-447
-193
481
-499
108
-319
-346
-111
-470
-95
207
163
-27
-459
70
56
-97
-162
211
488
73
-499
-135
-336
-218
96
354
-247
-219
416
-454
417
-481
480
-340
-446
-199
-148
-144
-274
353
-417
21
-401
211
-35
234
-212
-431
-7
-158
-259
31
247
-114
-336
-212
9
474
14
-141
-470
-299
-497
-26
-491
-284
-115
187
185
2
-76
8
-405
-40
-154
-82
-20
144
220
-243
-75
195
179
133
-44
214
237
316
175
34
299
-45
-100
-101
-291
-173
128
453
-245
264
-273
308
-383
-124
-7
446
60
-315
378
88
392
45
-470
194
-209
382
-83
49
-150
475
243
288
311
386
309
-292
-141
279
405
51
-181
53
-83
-380
336
-306
414
154
491
-216
-136
316
-48
49
292
7
-393
119
2
-31
431
-436
326
-431
-406
-397
-287
416
-170
398
-455
498
-346
376
-244
-31
251
-236
-336
300
-82
226
-149
367
-213
193
88
-326
-98
131
263
-440
300
24
-156
221
-422
-32
-260
398
39
-255
259
495
-257
408
-109
-348
-285
-119
271
-78
232
-365
-173
-386
-213
321
-365
-17
-355
153
-310
7
459
156
-16
238
441
-291
133
-339
225
-113
36
207
104
378
428
-465
192
120
-334
-179
-323
-59
-15
396
425
-372
127
-256
337
289
83
323
-405
201
470
5
-189
184
173
79
355
-343
-422
327
195
-197
129
-493
397
-500
-73
-263
-126
-173
356
498
-217
73
-432
-273
462
-339
397
4
440
418
-329
372
-87
252
355
407
-257
58
-421
-108
-222
38
-266
-232
-91
-88
-482
-363
422
-466
-245
-243
-376
462
324
-447
-136
-22
476
169
442
292
-458
-39
-147
425
109
475
132
-83
140
297
-74
-50
-40
-114
240
-398
424
-142
-275
-498
-315
-411
-326
-281
-411
345
-383
-54
291
425
-495
-335
-101
-396
-269
36
-212
-307
-231
-342
464
-59
182
9
-298
217
492
-471
-230
-186
499
190
117
-467
19
-470
-88
-14
306
365
-358
452
-185
-4
-166
-84
207
113
471
408
-101
-29
160
-437
358
-496
-83
21
109
366
110
-112
-444
453
162
-444
-111
388
183
255
-89
-455
123
472
-294
-308
95
466
-494
270
-297
435
326
-27
-1
353
-453
-238
-59
36
78
-13
-230
-61
-173
-376
167
91
-453
-46
369
-310
-40
-2
230
281
94
-415
289
-149
31
-220
232
-28
315
-111
433
-335
-459
-474
185
-209
428
-96
-464
-73
-416
-232
-465
-91
-217
102
403
269
325
479
-84
-76
344
151
114
-381
191
-283
-483
-293
-265
-221
-140
74
-447
167
-292
169
-275
260
88
473
189
264
-27
-211
367
-240
439
133
-75
273
-334
-47
-18
-196
-23
-96
115
368
225
285
206
-10
-486
-3
10
358
37
-362
-121
408
-215
-334
-98
-382
310
28
-35
359
-425
251
232
316
-468
-455
-354
-355
-299
160
-372
-427
-101
-422
-423
-180
-217
-313
-317
205
236
320
-311
-54
-496
-474
-390
-377
203
-16
-383
215
145
-69
365
-451
-203
-340
-64
332
-378
474
169
-231
-315
50
-202
294
83
316
28
-390
-15
452
194
-423
-320
459
68
-19
-269
-91
-402
-160
204
413
288
-426
-32
-308
-355
-430
84
-376
323
149
-241
26
-500
222
302
280
-454
-299
-294
-185
-414
-101
220
62
-495
20
-136
445
320
119
-278
-322
301
459
240
-239
242
-406
16
-237
-192
-193
-241
-298
-484
227
43
369
-399
-347
204
264
-71
-387
36
488
-383
-418
441
-371
-106
463
-409
135
174
83
385
-423
-309
-393
-97
-33
-95
73
-344
-481
21
-498
362
-400
-292
263
-21
136
-6
-401
-16
-31
-92
171
405
35
158
466
477
-263
103
173
-65
-359
459
-448
465
-268
-376
480
-30
269
-311
-150
-105
-440
128
-5
-240
-403
342
256
-287
-236
118
-149
-449
101
254
-384
-413
-29
471
90
-201
-137
-209
-74
410
-348
-491
-37
321
-359
187
456
-173
-229
473
-213
170
146
464
-67
-459
-345
-240
-244
-467
-478
217
349
-193
-319
-498
253
-350
-403
480
48
-334
101
-468
-214
186
358
-190
482
140
-268
4
-460
200
149
-465
477
19
306
-404
-301
373
-232
-16
-315
-323
443
421
151
28
-71
358
1
-452
-282
-131
-221
-241
129
457
-381
-53
-18
244
315
-233
405
-205
-132
-87
278
303
104
-458
415
-316
76
-335
-146
416
-240
310
397
-487
194
-305
-473
-382
-257
243
-280
-464
384
-199
290
52
-346
-2
-91
38
124
233
-266
60
-124
176
134
-89
133
-117
-172
264
470
-83
250
-375
45
-447
-146
-6
-417
322
108
-340
463
393
-339
471
-377
-175
163
371
384
-79
182
-30
-407
365
-317
434
164
43
202
241
-120
109
317
83
432
-348
-301
-434
-494
139
-148
40
-143
-89
-402
-337
122
-392
-72
481
84
-81
379
455
42
68
298
485
-452
-234
110
365
-127
58
-284
-373
47
255
474
110
497
99
-95
-36
-447
496
-358
-151
231
-80
-28
278
470
-297
47
105
-123
347
-313
-266
-182
-485
210
-157
-435
-392
2
70
-477
-200
422
48
-144
-262
397
467
-468
-426
-122
1
59
456
358
22
77
-84
-498
-415
-103
8
476
381
205
108
-15
-434
62
-450
334
458
-399
277
95
36
162
-382
57
-400
-98
137
-445
423
-469
-403
-302
-59
-337
150
-284
152
-490
88
48
138
-52
30
-184
-369
320
-62
208
486
382
-173
179
-10
87
-499
-102
205
-147
-14
-250
371
90
63
-323
114
281
357
80
370
30
-186
96
-243
260
-318
-479
471
-20
-431
84
-364
-142
-327
-125
-193
0
-145
420
-484
423
207
221
250
-290
-476
-265
-368
343
433
-117
-172
258
63
489
-279
-207
219
44
450
-6
263
-50
286
-89
-247
305
-500
-346
493
-85
116
219
338
-394
-50
42
-418
269
-468
359
21
424
218
-347
261
378
-53
156
235
153
394
-18
-173
-155
367
203
424
-305
442
443
149
-51
495
55
-41
-326
-274
-35
195
-140
-49
-100
44
453
478
183
-322
-439
-328
-454
273
-328
430
172
-389
-46
-313
371
-345
-93
222
-333
43
-244
-276
-310
-75
450
250
-36
148
-265
291
-386
133
492
377
-86
100
131
-137
49
-351
109
356
360
128
-41
-330
288
-167
-252
28
-33
-81
-104
-116
309
-64
-76
105
124
304
-464
-196
-361
-203
-307
-219
187
-258
-437
146
66
-68
498
-267
299
-360
346
-495
-390
-266
-320
478
-381
296
440
457
-21
-413
-41
-308
354
-440
75
69
34
-203
433
224
405
-168
247
-391
-89
-160
496
335
-335
367
-172
-275
-136
-191
-357
411
315
500
270
331
298
-145
377
-414
-7
365
-388
486
412
17
-246
-193
-369
-394
-272
-71
344
374
-154
247
-25
242
8
-436
40
-358
429
-142
418
-67
-249
440
237
37
492
-400
-354
414
-158
429
119
-292
146
453
-296
199
-341
42
-434
5
18
21
386
-288
-437
-76
116
-365
-165
428
-465
-377
-344
421
206
-235
431
-4
232
418
227
432
-329
-309
353
472
-353
482
-246
-476
375
-195
210
475
-311
459
-333
257
-293
-365
-280
-313
-426
345
-46
-344
-185
78
209
243
285
245
344
-301
-301
368
261
457
-272
-278
-84
-159
326
363
-469
-149
-195
-91
291
52
262
486
-355
447
128
251
-19
44
-431
253
-175
482
304
-67
217
457
340
-36
442
221
300
188
144
-29
-86
128
-375
-296
-247
6
-138
487
-334
-254
125
282
-293
136
-215
373
-189
92
-439
-332
360
-42
404
278
472
15
167
-264
426
426
53
230
41
-295
155
374
-160
-8
163
-189
355
-113
86
-387
235
-8
-443
-43
493
-418
-372
-421
-497
58
-445
356
317
-80
369
-40
357
476
203
78
-326
-380
60
-496
329
-104
34
9
279
88
161
-183
-216
355
-228
286
141
475
166
360
-471
443
-293
126
-125
308
-377
-490
-97
-472
326
-419
-276
-241
115
49
288
-331
-182
155
-342
386
103
133
-442
-148
-212
63
323
-246
423
-236
-312
295
-324
-89
-185
-14
-234
481
-79
-233
221
478
-68
271
181
-340
-110
-57
110
-476
495
-432
60
121
116
315
82
-278
-445
-410
449
321
-493
-311
-203
-159
-55
-207
464
137
41
-62
-384
-325
303
354
-289
-228
29
-421
-279
343
125
-363
251
227
-146
-358
-111
49
332
-276
215
-263
-21
-167
-5
484
-210
327
482
331
493
-123
-64
-132
-296
-74
140
71
-416
88
-495
175
173
345
-262
-240
-345
363
-398
249
-58
-10
-162
471
438
97
-185
378
106
49
-326
326
393
172
489
385
-151
3
-450
-100
364
-176
-86
126
161
-482
88
-196
-146
44
131
-168
-315
-2
-293
438
49
-477
9
-278
44
-426
79
399
-312
-481
-438
366
61
-358
470
49
57
445
341
-380
-415
-306
473
-147
-159
3
401
482
-443
-351
94
130
-387
-332
-284
-485
-126
240
252
412
328
390
33
397
-202
-224
-334
-451
227
72
203
-116
-115
-393
3
479
374
177
-117
419
-243
317
50
492
-107
-17
493
308
431
201
89
152
-234
88
-144
-342
-163
128
-265
-78
202
471
-260
175
-41
311
-287
455
-403
-401
-182
468
-202
-33
-352
-497
-61
-222
168
186
43
317
437
28
92
-298
242
-421
334
492
-258
157
-108
247
375
33
189
70
81
-368
387
-420
149
-261
-218
-218
338
376
-118
105
-385
-417
-51
-355
500
229
263
-203
472
307
483
-375
-266
-202
149
-79
-419
105
-237
-355
303
-106
89
-202
-464
-40
-167
-288
-360
-93
181
292
229
-289
369
-107
416
155
110
121
325
98
446
356
312
243
341
163
-465
393
384
364
152
134
-97
320
-227
-117
317
395
447
160
237
321
-330
140
-353
-463
466
459
-400
380
321
121
169
65
-11
150
236
39
-187
369
399
426
-322
491
-114
-234
-171
336
-338
-238
175
-187
35
102
166
-18
-155
-86
-221
86
263
407
377
171
98
316
-311
-183
-337
-316
488
-15
-126
-97
-192
156
-414
-269
-257
-129
-404
-291
-242
309
-169
500
486
-159
-363
43
-110
-493
258
-307
-224
-485
237
-142
341
289
462
355
-194
-377
-217
459
-377
-118
248
-301
-227
402
216
64
268
-315
394
-285
-401
-82
472
-103
-449
257
-105
335
466
246
-421
230
227
366
356
-179
-330
-61
196
57
-1
-98
472
4
5
498
-391
385
-473
-354
301
199
410
-55
461
-449
118
-472
-10
-436
40
455
469
-103
-190
483
-10
-69
210
-119
-397
-381
83
-426
-14
-403
-334
22
259
-469
-185
251
-437
-228
395
-341
-491
231
12
-88
-295
229
-159
80
-249
-240
325
35
-128
493
-452
134
-156
-483
-259
-422
-190
-234
468
326
-400
-168
-375
146
383
-276
-293
352
-126
254
-475
39
243
-298
339
338
-5
-186
-175
-38
3
417
72
-408
340
258
233
-91
437
-390
389
-401
-115
-460
381
111
-166
-349
114
-294
416
28
188
59
-30
66
413
137
-128
316
398
-230
450
22
475
255
296
-476
13
350
108
-111
-263
-142
-385
225
201
-474
242
457
463
-116
139
149
-169
-208
127
-140
63
4
411
-178
-317
128
188
135
-143
-468
294
-39
-407
365
24
-27
-267
-218
102
-23
387
471
159
142
369
500
413
-425
-306
16
145
335
-436
209
-317
406
250
-34
-250
-258
-82
-332
-144
386
-70
157
-38
-75
-31
278
228
232
-44
-350
-28
377
293
-1
337
-14
-239
50
227
-27
-191
-129
151
135
-441
-221
-20
126
-282
117
239
355
-55
-399
450
-179
168
417
-292
345
-247
360
-126
-278
-28
-208
482
-38
-481
340
-141
437
-210
-107
147
-496
435
282
297
479
175
-441
-406
481
-205
-179
250
-319
367
-134
168
-295
-173
-38
78
385
484
-162
-328
362
-418
-320
-349
241
55
471
-480
269
192
-143
-404
-304
118
-21
-420
-457
-169
467
-198
340
-303
-215
351
132
170
452
-220
252
-336
1
-53
-245
402
-461
266
81
279
-178
386
248
96
302
-500
406
-320
-42
-348
456
432
-430
51
-256
195
358
-415
44
-448
-340
367
-94
-75
242
-221
433
-377
-37
216
-345
-410
-421
152
448
41
449
115
480
500
-173
25
-317
-295
31
375
54
-152
-285
319
-473
-40
51
154
90
-344
-270
-303
471
-302
84
360
-304
89
-466
-259
71
240
131
-56
206
251
-202
340
-453
69
-489
63
417
197
270
211
492
-181
-392
108
292
22
-49
482
-313
-112
153
-494
-69
427
457
265
233
-244
371
-31
280
60
-57
-184
-492
-415
437
-410
129
-70
44
62
-442
200
282
55
325
-494
426
302
-282
-85
100
479
-497
269
-455
313
181
-264
420
-293
392
-62
96
285
-371
219
238
55
-359
449
-349
159
-38
-327
-206
391
107
-454
-364
-191
-393
-134
65
-95
325
-175
126
-344
460
247
26
-117
45
28
-195
393
-490
-262
324
78
-427
-63
427
213
37
353
399
282
429
-485
-403
-65
-175
497
398
234
17
492
212
321
488
53
-341
44
-447
113
474
66
448
26
148
63
-290
-210
-431
99
-439
-244
397
-13
-460
-133
-227
-186
422
-141
237
-430
-416
156
225
-406
166
234
67
-482
-341
-480
-328
471
-378
485
-471
129
-61
337
481
426
-79
-71
-179
-335
186
-175
11
484
-177
126
392
-289
-497
-355
122
-106
46
-282
59
175
352
-219
113
208
129
-395
448
-385
-209
-333
389
-23
-427
317
193
312
-389
106
-240
219
233
-368
289
166
232
-20
-323
-134
-463
-386
-71
7
210
-333
270
-285
93
354
428
452
56
300
-78
459
-110
-37
364
-443
32
-412
376
-71
-388
-332
-337
-304
233
382
112
109
139
-333
-390
-199
-293
448
-428
-484
-42
-380
71
222
107
338
-130
98
-320
223
-250
-173
353
-35
257
-161
-453
35
246
-171
-435
-388
389
132
-312
-348
-420
-70
-309
-1
312
-258
-147
422
402
187
-422
-142
-382
403
-297
209
416
-481
62
-467
-173
-145
-209
322
-38
-346
-117
-211
340
-65
-196
476
-357
-110
477
34
-480
59
-340
465
-86
69
-387
-137
390
247
-373
201
-156
-297
-70
452
-407
386
-305
51
431
290
-38
-330
-475
374
209
326
375
-236
293
352
30
-375
170
-454
341
-275
-57
-475
-359
163
-394
317
261
352
70
356
-364
-257
-167
162
70
417
-295
480
311
285
-480
-450
-95
-485
-278
210
-367
-102
326
235
147
-30
-46
-142
25
304
-472
-73
-500
-484
-394
-237
133
43
378
-120
247
-1
-40
309
291
-219
97
50
-379
464
253
478
141
129
88
390
26
424
-377
-390
-352
-258
95
-48
-131
310
-379
-177
223
15
-24
-73
-497
388
-159
102
-135
19
276
141
-354
481
-79
462
384
-15
232
-414
288
217
-255
253
306
-484
372
119
-364
-311
322
-221
278
117
-311
-403
-6
-459
-71
479
294
-267
-361
45
383
234
-486
31
-139
234
-309
-30
332
-46
-381
135
-466
114
-77
-426
292
-401
483
-60
-458
-206
-283
-449
221
-304
436
280
-398
315
-47
60
-67
148
-295
-107
-495
46
0
-275
-319
446
62
-46
320
-29
105
-85
423
-40
261
-345
-83
10
-177
4
351
-225
478
242
-1
296
11
-30
271
27
-95
482
479
-32
-365
-398
-91
-367
-300
-224
45
-406
-52
496
300
-175
-462
204
-412
-281
-375
-210
-375
-65
9
278
476
-407
-69
-3
433
5
-399
208
76
494
490
415
-214
189
362
-230
66
6
-255
-85
-323
120
-167
64
352
-83
177
448
106
165
105
-291
-204
70
-307
-173
82
163
322
181
-330
90
316
297
-218
-290
-163
88
442
-372
371
342
-304
490
-312
-381
-87
-373
58
-299
-408
401
36
19
53
420
87
-130
329
-137
-382
-407
207
58
119
-49
123
-27
263
-229
93
-85
-74
-382
314
-433
464
109
-413
-247
-340
-486
489
-308
-301
-494
376
131
88
371
64
-26
-238
357
-156
74
-439
91
254
-318
-262
284
23
-302
-270
192
-30
126
-86
489
-410
-482
-398
87
-230
126
-293
365
-489
-247
87
-330
340
-111
-310
312
-99
404
-18
-429
-208
-456
386
-108
256
-240
96
159
429
-423
414
341
-39
142
270
-304
-331
489
271
350
-131
-350
-219
166
471
-102
-338
-67
161
-360
199
-185
37
-191
133
-80
22
194
-78
-424
-405
-122
-212
270
-13
11
168
-15
72
-484
50
-28
-180
-403
241
-193
-47
-262
-372
-408
206
-470
-369
-111
-191
455
455
-317
187
292
-22
-95
-329
-365
42
110
41
185
-140
309
322
63
433
-435
77
-156
-234
-398
-405
345
-157
397
-208
-483
-348
368
-134
-247
78
461
-166
234
-206
-229
453
480
313
-238
240
-153
196
-490
438
-467
-88
-341
-124
-431
-216
-38
-334
-209
273
-475
-462
3
426
218
469
40
123
456
46
-12
306
111
-365
-452
92
455
408
89
-435
167
-105
238
-395
62
-400
350
235
-33
-208
-57
-138
-24
-73
260
-260
472
308
-304
-297
-440
204
-375
-436
257
288
-12
-489
-432
-345
-120
-163
20
177
13
-457
-200
-151
91
48
351
-406
-147
287
107
-486
-187
-298
-146
-24
469
471
181
-372
-6
367
-399
157
-236
240
437
20
443
-207
118
-221
-472
269
385
313
-198
127
69
49
495
254
289
-94
-282
-20
98
-310
207
131
407
-152
219
330
-376
-398
226
258
58
344
427
-230
38
-47
98
437
-161
97
-133
277
-29
202
-82
222
-479
-26
452
354
172
-482
424
-15
484
333
455
-421
332
9
-261
401
-120
219
-290
420
-66
-94
473
321
148
481
-255
155
150
-460
-488
41
296
-28
90
-13
-454
-167
-315
-320
-153
-130
399
-51
46
22
-112
257
-258
224
-47
219
-42
-99
-459
48
-463
-202
-214
29
159
-350
-453
21
-199
-30
170
221
304
433
-482
47
-303
257
295
270
-458
432
-140
198
409
-132
-259
-60
175
207
-2
-63
253
-229
200
-54
-406
-336
266
-324
242
-201
-156
246
3
-107
211
-56
197
-461
219
324
164
-349
470
-280
-366
433
-269
480
430
-233
-391
115
402
-47
-375
-233
-385
1
-423
-4
259
-364
416
379
-329
112
-320
-80
7
113
-357
-364
-211
450
492
106
-453
-100
247
-108
-318
131
-239
321
-83
389
203
472
72
445
-154
228
-305
-291
0
284
245
-208
-239
149
280
-453
426
-37
-350
-91
123
-424
465
483
-396
-457
-471
250
-466
-92
-442
176
-142
481
115
270
105
177
-389
403
-201
-177
-13
-355
-274
83
-263
-454
456
-174
-380
81
74
-304
400
-87
-297
-223
51
-335
-491
102
294
69
-397
101
-297
29
-7
-281
-46
-197
-482
-336
-331
226
-399
1
-300
-437
440
204
178
110
-193
-151
33
-483
-60
85
-249
-395
336
81
-133
-82
70
436
65
299
42
374
261
328
-7
-159
-437
336
-345
-174
-115
35
88
-330
-228
435
-455
-303
351
-438
225
20
-244
-402
114
311
-349
293
209
422
-255
-65
-308
469
307
-43
45
393
364
73
-421
41
286
406
-161
69
37
-235
334
228
-326
7
411
-376
-47
456
-94
393
-365
33
302
-430
-6
-483
-132
129
-52
-225
-385
-147
-11
33
315
-330
393
-465
224
159
-312
-240
-410
16
-409
390
-242
46
-464
319
-146
-142
-90
-250
-411
-475
-402
160
-392
31
290
106
-90
299
-234
-201
438
-121
-284
-247
-187
342
430
313
20
-226
-335
88
-213
-22
498
0
-114
-292
-326
159
-312
-222
334
41
106
-131
434
-331
282
5
-477
500
228
115
318
-84
148
-78
-134
-302
-164
-121
-26
-326
-432
82
-247
160
227
-331
-403
236
147
50
267
-256
317
-373
30
-299
-433
286
344
-358
-360
393
-17
17
-63
-120
243
-353
56
33
-292
-143
95
-113
-330
-478
-159
-121
-236
196
268
152
62
278
-458
80
-245
-440
-46
-138
-147
-264
-212
283
472
207
137
-46
-82
-200
-362
224
-376
-346
301
85
473
113
-243
458
-395
357
451
-211
212
-200
338
-452
485
298
135
-55
-287
-73
-301
122
-136
115
-290
158
-55
-370
-372
337
-440
493
-40
70
424
-169
-475
-36
480
-154
394
-201
-359
-201
472
-391
60
104
-157
-228
409
282
248
64
289
50
32
397
-2
1
-262
-77
21
371
216
-378
-186
-49
40
181
-73
107
82
-211
34
-318
-89
500
426
401
134
-45
-139
173
-82
-311
300
353
418
115
-484
77
-350
311
-256
15
-242
-59
-435
-319
425
-420
-256
171
152
-208
123
-206
453
-67
-287
358
-334
21
342
223
-311
-257
10
244
400
-277
-221
-18
-29
186
210
348
333
-281
113
-146
-126
114
-436
42
432
359
-203
-357
181
471
-341
205
36
-148
35
419
320
352
-356
-339
340
236
125
-437
139
-352
-429
-373
428
-495
-336
231
38
277
-120
-19
-457
-340
6
-146
89
370
212
270
-127
188
-72
264
162
-76
79
-413
-45
370
-273
-268
-1
-154
216
214
-247
270
-262
-382
-22
146
493
318
466
-447
171
-72
55
232
473
-326
-151
-176
500
483
101
123
188
-220
324
-138
-488
-500
-378
-91
385
323
144
229
80
-315
-428
349
-67
-2
-9
349
-196
-178
14
-118
134
274
206
-308
320
132
-358
-454
101
-39
113
454
88
448
-129
153
476
-82
-140
284
168
127
-100
181
28
-288
294
247
292
32
232
-255
-55
122
-109
-155
-349
-30
-361
310
-357
-45
-164
427
-29
-214
-402
65
-187
2
-86
167
23
-19
213
-491
334
325
267
-57
367
492
304
379
-332
-378
-238
-460
-451
396
495
105
-224
154
-220
415
-472
0
293
-476
472
-499
-110
-169
202
472
-112
-200
335
-188
469
-444
-253
496
53
121
381
-246
-159
-442
103
-458
389
176
439
-484
-173
-79
123
275
102
-231
-214
-385
-212
-399
123
-105
210
96
-316
391
248
232
-396
230
442
355
331
373
-354
-376
206
-192
348
446
15
-179
-84
489
216
236
22
256
-361
236
-256
-490
334
204
-44
435
-128
-45
-215
-412
-402
323
-462
-436
5
337
432
112
-148
153
-487
107
46
-439
-269
43
-258
479
457
436
-131
-259
-396
17
258
-121
-389
-101
195
397
-234
370
-276
-162
-109
116
-423
261
-52
173
-4
358
-217
211
-283
-14
486
-24
224
296
-152
424
154
24
474
-203
-265
157
-406
497
128
434
-101
-356
204
-237
396
419
-129
412
-496
96
-243
466
256
-432
125
241
5
373
455
-250
472
-342
31
269
-263
273
44
-360
273
284
316
355
-175
432
112
84
221
121
-180
-400
160
437
95
142
219
-288
-275
-396
384
-60
-162
127
-330
374
293
285
-278
-204
99
442
-312
-297
-17
108
-267
356
328
356
-29
94
470
363
6
398
416
253
-447
193
385
43
-97
122
323
375
-120
143
-81
-110
-73
45
128
-184
-22
410
-295
-7
-253
233
-45
25
133
-264
-495
-452
318
131
321
-425
-485
226
74
315
-53
16
-496
274
243
469
-161
372
-108
-10
-160
359
-240
-254
454
315
394
-435
-429
393
482
-252
476
404
198
-401
-308
-344
177
-325
188
-143
172
468
21
-195
-388
-414
-147
103
-55
156
66
-456
434
-347
95
329
161
339
430
12
-255
-428
215
235
335
-28
113
106
474
477
409
-385
-125
189
-96
-141
335
-203
145
-391
-264
-469
-351
333
279
-160
-92
16
-176
172
324
-332
-85
-418
140
321
-334
-108
-316
426
132
231
-497
32
-263
75
-428
466
315
-165
256
-66
-427
-457
300
76
174
221
-44
-267
478
-193
403
-216
-82
-443
-38
489
-397
-190
-141
201
375
-65
-471
218
-112
211
54
-26
92
394
136
317
-458
210
444
25
204
92
-212
-446
335
-78
-103
477
-379
220
187
-215
-106
-274
404
-347
-367
-431
-197
422
38
35
126
138
381
-389
-442
-146
51
-250
-194
-424
-60
411
208
-273
-377
213
-226
-474
169
429
-94
-495
-276
-217
-440
-23
152
-85
-487
-387
-200
154
-386
-328
278
97
-154
241
92
67
-458
211
-5
282
-464
-41
-141
341
86
275
375
-457
123
-301
429
-363
-174
231
-198
-486
170
-466
144
-288
164
-13
-281
370
-278
-343
276
363
-223
-277
500
-232
-123
-178
-403
-389
169
-397
369
104
281
416
405
-90
233
-41
97
29
-135
212
33
-332
-240
-338
-458
-384
-116
188
-458
117
91
354
75
454
468
227
494
441
150
76
-27
228
-95
-25
91
200
-441
50
-339
-490
279
351
37
-330
51
420
4
-364
296
80
-288
408
329
136
260
-429
-495
-225
292
-448
-476
458
43
254
335
350
414
16
-271
-441
39
362
-277
192
150
-304
-290
454
449
-143
193
153
-452
-409
-16
161
369
-218
-6
103
-14
422
447
30
290
108
30
346
-186
100
-334
234
366
392
109
-307
338
-325
465
-432
57
399
229
283
-484
-122
499
280
169
-312
275
-266
-343
-324
158
261
157
-406
-379
371
40
319
-12
-12
-274
-467
163
110
207
192
-237
-252
-109
-412
-399
-439
-254
-428
-152
177
477
5
-179
-177
116
-387
271
-175
338
-438
186
-248
390
460
42
-53
106
-255
253
-413
113
392
343
-241
178
-476
-431
-299
-239
-334
-193
-342
478
218
331
-499
-19
-47
435
-413
-212
470
-185
-207
177
-328
-442
269
90
344
324
-160
142
438
-97
-38
36
164
-121
-130
-351
-221
-427
-63
-494
-170
-225
-193
30
255
89
-361
-219
-108
-268
-146
-62
370
-22
88
362
446
-9
92
-380
232
298
-230
-320
313
-49
-152
-70
-375
-70
188
-440
26
441
-405
-170
-188
367
-332
-392
-253
-6
-207
179
453
290
-5
-148
295
484
472
-343
-145
-252
-65
140
-340
-319
-360
-92
-409
-99
-44
332
-480
230
-129
397
-31
460
7
162
142
-177
-358
-356
304
-447
255
-212
-375
69
124
419
-102
30
-312
72
-485
-317
457
228
208
197
-310
148
468
-284
-259
323
-462
-247
-298
-288
-367
-403
-122
-48
-430
172
117
-124
459
410
-358
-310
-218
393
56
401
-42
74
-386
-188
-251
-411
423
-351
454
-57
-308
-417
-225
48
-286
322
423
-131
177
-234
-436
-21
213
-69
-86
90
-483
-362
-230
136
-458
123
283
86
444
155
197
-124
-346
-87
-374
114
-438
382
248
239
-216
-294
-423
-435
-103
251
-172
495
-72
-74
-219
-169
-22
-474
-420
-326
-248
-448
-488
459
-60
-298
-463
294
477
319
-444
403
-375
-267
334
-161
-214
-285
-426
-16
286
374
-222
277
-227
203
327
356
-382
-202
-473
434
241
-493
31
182
-105
426
434
-484
-426
242
340
451
-179
242
59
442
-322
-448
313
448
-200
96
-84
-14
-447
-376
101
-297
268
423
188
-385
-159
-367
286
182
-460
487
327
274
-458
33
-293
-497
-364
-287
114
239
-215
55
172
364
145
-341
335
-214
492
-181
39
270
-426
-388
144
-68
-96
-276
300
50
424
394
-53
6
252
46
-34
-77
124
-384
-94
-355
146
265
370
-378
48
-401
92
-18
-9
-324
437
-474
54
-438
236
-384
477
-30
188
-140
-23
116
-468
-407
214
424
-55
125
-106
343
-209
437
188
93
-495
-351
-177
149
200
234
175
314
353
-219
82
104
-95
-312
-443
-112
91
122
70
356
41
-170
-95
309
495
37
318
-96
327
221
-299
281
-495
400
-403
-75
-286
-67
-382
293
-46
381
-340
149
46
-405
279
487
337
-342
493
-204
-307
-498
114
-107
408
-254
-149
122
-283
120
287
37
124
-374
18
-228
-418
-464
-51
244
11
-432
138
47
-65
-138
-289
497
496
305
-427
-106
129
-98
-306
-255
-147
-100
489
-342
-337
168
26
-444
308
-371
78
193
-476
-104
5
-125
-453
-214
-377
206
-243
-46
-106
-88
36
395
-350
-70
-39
107
489
-125
-237
83
209
444
327
-463
109
-370
-268
-496
-488
1
-337
266
471
-444
324
-367
328
-12
135
486
-269
-242
190
134
293
412
48
291
373
-197
99
379
62
-436
4
238
185
-141
369
-350
79
47
-421
-112
478
-330
32
-111
182
-112
94
-220
268
-449
-128
-96
458
-64
-41
-170
-322
-115
-71
-452
251
97
449
435
88
33
-185
-462
-70
-310
-344
-327
-476
447
10
22
-343
-9
409
298
195
440
355
-201
7
484
360
-346
130
250
-290
232
338
305
-4
-231
272
-443
-482
126
34
336
66
361
185
369
49
168
179
-7
486
-487
-398
-37
304
52
-384
347
114
-308
239
-369
274
138
31
-127
20
-27
378
291
73
385
485
129
-240
6
159
255
410
-117
-480
-18
-171
357
341
-266
262
317
-245
235
440
431
300
252
487
358
128
-101
486
-339
-151
283
161
-309
-345
450
386
-428
-354
78
-449
465
154
258
-85
-458
-67
-120
397
329
418
23
431
-220
118
151
-61
-45
5
363
-218
-192
-422
-480
-181
497
-419
-29
-314
-389
-17
-443
-67
416
-461
337
401
97
-201
332
345
-144
-283
376
377
-21
293
-124
62
-159
134
280
-441
-472
293
-191
-202
-217
